"Coste relativo" "Ingresos" "Tiempo de espera" "tipo"
1.72480058178452 1.46234711955201 336 "auto"
1.58405778703051 1.52310569496742 617 "auto"
1.01796362691267 1.80417090159446 935 "auto"
2.14655540964028 1.51865045022868 1185 "auto"
2.07642289160731 1.33978471341159 1310 "auto"
2.99855695302533 0.516486770190463 1237 "auto"
2.13696904167827 1.35532076830865 963 "auto"
2.27806338549541 1.44017454040016 647 "auto"
1.66624538635231 1.50771474570089 714 "auto"
1.5808067140914 1.28783823002337 834 "auto"
2.01905509081493 1.41655735654177 856 "auto"
1.56857226814495 1.26378791183306 900 "auto"
1.98065533815281 1.08195378264465 923 "auto"
2.15032484952632 1.5223513185179 1307 "auto"
1.52849744536396 1.45239407865967 976 "auto"
1.98703269910647 1.08460982763036 1103 "auto"
1.93899763109595 1.25350421823637 942 "auto"
1.67071928798026 1.29156257342735 864 "auto"
1.51621774413983 1.57008785420111 960 "auto"
1.69063291236272 1.12487734678516 692 "auto"
1.69714074352628 1.69650000524787 859 "auto"
2.15860127439146 1.57100917795309 714 "auto"
1.33646224359341 1.90018530493838 1188 "auto"
1.56988045000235 1.34517768397961 1240 "auto"
2.12809324156758 0.990573526482444 822 "auto"
1.4606852769882 1.23210795319643 980 "auto"
1.96513619275233 1.20495464527113 645 "auto"
1.64075044488955 1.61978951292069 1800 "auto"
2.1957033528658 1.08890409921037 1339 "auto"
2.01692194933458 1.3103227996969 1224 "auto"
1.34402198186615 1.32672727607985 1549 "auto"
1.48021005744167 1.3300890600774 814 "auto"
2.06081534569645 0.908916331286246 1327 "auto"
2.34773968930822 1.18024627877118 1106 "auto"
1.90562039769903 1.28282725867402 641 "auto"
1.70958459485801 1.66690448124913 469 "auto"
1.69936138747953 1.51681039999003 636 "auto"
2.0677679046923 0.836468194451934 674 "auto"
1.96222093895544 1.06986926063852 986 "auto"
2.11466284023819 1.80740299153298 631 "auto"
2.42580562450561 1.11912763329846 491 "auto"
2.18505683754293 1.44410593560004 1237 "auto"
2.62483620560192 1.6956230899404 568 "auto"
1.69115348880844 1.29679871860131 811 "auto"
2.2463816856619 1.12587588782807 974 "auto"
1.71106261950244 1.29674244609674 893 "auto"
2.09349143296396 1.22317515784992 482 "auto"
1.15953531178154 1.7396380969371 1189 "auto"
2.00239162019911 1.19411406967367 420 "auto"
2.04924254589987 0.953295163175116 1076 "auto"
1.36834356283738 1.70570580170181 740 "auto"
1.5764673034551 1.94017854085786 1431 "auto"
2.02524445610284 1.3758179161645 1607 "auto"
1.91192990887998 1.14539143500623 1091 "auto"
2.44200573505911 0.898534676665796 279 "auto"
2.77810211152356 1.30302621043974 1308 "auto"
1.6746606354423 1.40526698768326 934 "auto"
2.05373347229436 1.42528762664581 684 "auto"
2.35495731177951 1.09465518275181 1118 "auto"
1.9023327342895 1.85448027855705 727 "auto"
2.16453339231749 1.2696695767172 1280 "auto"
1.87677852326334 0.345927988318543 992 "auto"
1.9360555518247 1.58097145885021 1435 "auto"
1.51482411367559 1.29453715152308 369 "auto"
1.83876127124035 1.01541377311778 993 "auto"
2.09324108439834 1.6491191327349 781 "auto"
2.64898874509256 0.360743751440175 886 "auto"
1.76968995274001 1.70457564841207 693 "auto"
1.08666696417456 1.89072487545529 1141 "auto"
2.23508580876419 1.32002047384252 328 "auto"
1.5766935273574 1.29904316020724 1039 "auto"
1.71895778740072 1.210822218014 609 "auto"
2.59771410776671 0.744942902961775 988 "auto"
1.77881180871675 1.4007011561332 442 "auto"
1.74896873244828 1.83671891936857 1662 "auto"
2.1347833274287 0.738314401992427 1364 "auto"
1.37887394902644 1.48834938830139 718 "auto"
1.60802702343363 1.34227155014304 582 "auto"
1.69543124994852 1.88352242759311 1098 "auto"
1.75637116077647 1.64948168017803 944 "auto"
2.35120240191269 1.20351252251101 836 "auto"
1.42218727565101 1.21990357348514 1348 "auto"
2.37746281742739 0.558116711055218 667 "auto"
2.01906710406783 0.950466840027767 805 "auto"
1.88620923591092 1.19986338046064 834 "auto"
1.90496817925267 1.26034681210252 1253 "auto"
2.0346052242895 1.14205033689965 615 "auto"
2.29291923564891 1.22813427538779 729 "auto"
2.00386870334736 1.56099044762309 1162 "auto"
2.65251606435457 1.47029657238832 700 "auto"
1.73221490099925 0.827563339534949 1367 "auto"
1.47509218708735 1.20925379335778 1145 "auto"
1.54308715531602 1.56202373828121 1132 "auto"
1.74292189307316 1.30459391008652 1479 "auto"
1.74226478924638 0.947923670111705 1250 "auto"
1.75305719257141 1.04696631154567 617 "auto"
2.80086393503923 0.751903739875527 1072 "auto"
2.48182547138879 1.02161578001493 1299 "auto"
1.81609385849119 0.950517509982766 1025 "auto"
1.86661099513742 0.804172670242796 990 "auto"
2.6840948058573 1.26272549465289 535 "auto"
1.94118694665567 1.28261751088459 831 "auto"
2.02520931439697 0.849682968786303 1531 "auto"
1.92020422162329 1.24217958954451 1320 "auto"
1.93839840517247 1.20312258965425 405 "auto"
2.00238534815659 1.342237136826 995 "auto"
1.8709733455656 1.65036475418914 1189 "auto"
2.13228617233986 0.662514946948311 776 "auto"
2.44898131572715 1.05010863276347 741 "auto"
1.76658266123306 1.15596761267334 1213 "auto"
1.56405413629433 1.13108769973792 1774 "auto"
2.09515353945163 1.62869783037547 655 "auto"
2.57165066244719 0.905834147029366 575 "auto"
1.86179157289178 1.21117726397223 1371 "auto"
1.94640005070892 1.30803798790987 954 "auto"
1.62021939676836 2.32074851625591 1072 "auto"
1.84955335815009 0.689554719669759 1346 "auto"
1.97248840750894 1.13225986711308 1126 "auto"
2.06870586361218 1.14108129847671 1398 "auto"
2.05049158729432 0.951958891801318 1320 "auto"
2.26504294534596 1.42840217498042 1460 "auto"
2.26286645148283 1.4448933435702 262 "auto"
2.6110541052909 0.753113088186855 610 "auto"
1.84385482058029 1.35961247705364 775 "auto"
1.55323199744396 1.6453259567771 970 "auto"
2.05927537550813 0.55611650419649 970 "auto"
2.17381651077459 1.2672791951281 609 "auto"
2.17106969470305 1.27406354425685 1004 "auto"
1.84800821070998 0.628730332993889 1061 "auto"
2.20319038932221 1.39956800689186 725 "auto"
1.94477494002048 0.979066610085432 1473 "auto"
2.33620399521113 0.772989836212766 982 "auto"
2.06524870398288 1.13959474166967 1083 "auto"
1.45664872944129 1.53660734309635 511 "auto"
1.79284480196042 1.56287540518148 1061 "auto"
1.1897109192118 1.47712068076769 980 "auto"
1.95805122892642 1.08076931827618 1075 "auto"
1.96327070417045 1.48377646687384 1221 "auto"
2.33877628897567 0.878786935224057 914 "auto"
1.48048911618637 1.37054070917039 968 "auto"
1.78901633690619 1.52142514796514 633 "auto"
1.43808343671912 1.53391793165606 1040 "auto"
2.20085492059654 1.26695786028739 722 "auto"
2.29025864469696 1.38872194715773 790 "auto"
1.85603008924279 0.984105085184513 1338 "auto"
2.24646914134807 1.4176104266988 1771 "auto"
1.75220024388363 1.76960304518019 1452 "auto"
1.55348397215516 0.753569494695824 1284 "auto"
1.69723047343413 1.50460519745312 711 "auto"
1.96984467729468 1.46794907835864 686 "auto"
2.10684569295666 0.788108640654876 415 "auto"
1.90980944589047 1.32859612285409 936 "auto"
1.77279787738287 1.28540168548768 1304 "auto"
1.72965098391564 0.831467653868185 832 "auto"
1.62875345446773 1.18326590087738 1199 "auto"
1.63626562249674 1.97980332516508 909 "auto"
2.74453970931548 0.975605174320832 1308 "auto"
1.85936644468449 0.983636347368002 1218 "auto"
1.91014627432627 0.950914843431381 733 "auto"
1.77532262685568 1.43113418633558 1048 "auto"
2.50209307826088 1.23965151965088 1166 "auto"
2.26522881131457 1.14375489735728 865 "auto"
1.6877342866237 1.31412805214728 1311 "auto"
1.46672478956225 1.74208992423763 1089 "auto"
2.25336682676969 0.662515855016844 862 "auto"
2.2140201129901 1.60284279494025 286 "auto"
2.24700879083485 1.39216290411036 612 "auto"
1.38330147161137 0.784687690758797 994 "auto"
2.04317170936536 1.54227176372456 1062 "auto"
2.38358588422493 1.5167790837773 1271 "auto"
1.95028155642253 1.60227238846487 914 "auto"
1.91458576374456 1.14016632830663 1060 "auto"
1.8823638625586 0.981466321647004 770 "auto"
2.90532023334269 1.18587219940255 809 "auto"
2.15283914466326 0.860500568099352 1512 "auto"
2.44223935079521 0.804455657854452 1325 "auto"
1.9020574655053 0.916698105885344 510 "auto"
1.93888849042675 0.862753307656837 1030 "auto"
1.95793469926432 1.18672810723104 1126 "auto"
2.36523031495497 0.820335774377826 665 "auto"
2.52830280937762 1.30073291322921 1283 "auto"
1.91560043152403 1.33035910879634 726 "auto"
2.05344309209658 0.818460981217449 1150 "auto"
2.09501343522894 1.33490185499849 986 "auto"
1.98900832014543 1.6750526811358 1534 "auto"
2.10570889307796 0.761376710729822 762 "auto"
1.70280087969596 1.76705690428517 1194 "auto"
2.61970629050488 0.752089838707987 345 "auto"
1.36822664758942 1.07005536543607 1006 "auto"
2.02795505002062 1.1732612143329 958 "auto"
2.1093074368413 1.36983743796947 1006 "auto"
1.44304110498844 1.33688944269673 1278 "auto"
1.79490949542495 0.876293398430549 902 "auto"
1.89073924202481 1.3625378710671 1168 "auto"
1.95325042679559 1.22032692800206 836 "auto"
1.05913762445872 1.6764229739926 1074 "auto"
1.61279062143539 1.29140105797255 593 "auto"
1.04766777942432 1.5363526361545 1170 "auto"
2.5852055673897 1.07970043020238 640 "auto"
1.77215927378715 1.08698582525466 1285 "auto"
2.59662301257757 1.1171972069676 253 "auto"
1.22236137371689 1.07658353502994 1401 "auto"
2.29817681988837 1.45762320641434 956 "auto"
1.80336634902018 1.60863305262511 475 "auto"
1.96994321666169 0.829995818759706 704 "auto"
1.8005299534348 0.972829058181988 1022 "auto"
2.10905641730271 0.7730984951575 1080 "auto"
2.3222538715068 1.28929520259136 659 "auto"
0.613921207568423 1.34949801998662 1138 "auto"
2.00934031073967 1.15172897430013 1404 "auto"
1.87672125391869 1.42941159398798 1036 "auto"
1.59681484362806 1.41688191945448 910 "auto"
1.88622219133957 1.01805773457467 664 "auto"
1.98609453458903 1.44834233902765 859 "auto"
1.36678990253014 0.874984879512285 894 "auto"
0.912568613336522 1.62817277431874 1252 "auto"
2.13023184650147 1.32440646199784 914 "auto"
2.02744719093744 1.32461489983599 496 "auto"
2.03612242357776 1.35778834526319 1096 "auto"
1.46839211962715 1.46058249493867 848 "auto"
2.67015814925458 1.06934140015851 1028 "auto"
1.67386889254137 1.02604324518433 893 "auto"
2.20062027821269 1.1294760245556 1269 "auto"
1.60412781480047 1.53438383824159 1048 "auto"
1.60630331693996 1.05759662513384 1413 "auto"
2.20044418079254 1.63929856035826 1217 "auto"
1.82021807451663 1.26050744580399 1084 "auto"
2.12213410532394 0.911333181236639 944 "auto"
2.21715064858423 1.13971715558003 1278 "auto"
1.84454634683859 1.55946671573449 1460 "auto"
2.6478299026081 0.647098154183948 1432 "auto"
2.81387679910115 1.15912777367605 1065 "auto"
1.57107921103688 1.56485719147101 724 "auto"
2.06795772258326 0.85728949901346 959 "auto"
2.30422936911994 1.08696341196345 1012 "auto"
2.58394111142986 0.556511038037785 1067 "auto"
1.86364300410518 1.36898856951762 1615 "auto"
2.31219534759712 0.722953719643795 889 "auto"
1.32896763219467 1.54564308319956 583 "auto"
1.99647107384437 1.2190096334391 714 "auto"
2.53834424577203 0.939227611929168 691 "auto"
1.38145043640502 1.74111295803775 1254 "auto"
1.84825022705272 0.800943129540595 784 "auto"
2.64163767638037 1.14463827900477 838 "auto"
2.11933493340091 0.977757377183606 1094 "auto"
2.1539735807864 1.41618251303493 744 "auto"
1.74841534307414 1.07469493607282 1312 "auto"
1.94185105869963 1.48860108188499 662 "auto"
2.46733585715481 0.887910683389345 1123 "auto"
1.08927243139132 2.28523742435522 1077 "auto"
2.11450105829543 1.50749603434514 811 "auto"
1.751441547195 1.2658061125 886 "auto"
2.10823507232669 1.87659873478641 783 "auto"
1.80409461553404 1.32681427983793 1325 "auto"
1.95247905429541 1.00521408860623 718 "auto"
2.64213615173474 1.49591586440377 683 "auto"
1.54638802883177 0.550871756615831 1247 "auto"
1.92092033311719 0.688148338832247 1092 "auto"
1.40988903343105 1.35950897812795 1004 "auto"
1.77735528105257 2.06674880088562 1345 "auto"
2.03084756251064 1.17018117866274 942 "auto"
1.99104986703022 1.73855130276201 938 "auto"
1.97327087369399 0.845841053668573 1074 "auto"
2.40711203450244 0.595332600982469 657 "auto"
2.18604420643627 1.52344361740131 1271 "auto"
2.38431358997952 0.96309741758919 1236 "auto"
1.82590046684842 1.75979371284717 597 "auto"
2.27866791194475 1.05143867227115 1187 "auto"
1.70018920931537 1.95452526072915 1236 "auto"
1.74749651989671 1.17351056922652 725 "auto"
2.49615549790444 1.3750226817645 919 "auto"
1.94924158068207 1.4926396649249 703 "auto"
1.72456563811648 2.03105017250543 771 "auto"
1.96821377606081 1.42836851744944 1168 "auto"
1.81124857719774 1.28708437030018 650 "auto"
1.99676806267404 1.11168788654031 1407 "auto"
2.02620508971293 1.04156103973912 1239 "auto"
1.80663947649831 1.50364418960336 637 "auto"
1.92539414791007 0.979056510907533 1347 "auto"
1.72200136357217 1.00945305073471 374 "auto"
2.40193106906689 0.931604601258134 553 "auto"
1.86311295714192 0.987651749061288 791 "auto"
2.0800949802438 1.37075869930027 1194 "auto"
1.4012797958807 1.27672297470533 1217 "auto"
1.74081872493486 1.83009768358224 1222 "auto"
2.83802245131456 0.77075021006921 1070 "auto"
1.66385223731755 1.26492849615171 412 "auto"
1.40230936858871 1.86220911353939 669 "auto"
2.56478289997698 1.30745398488488 1129 "auto"
1.85918323778868 1.65099996590137 363 "auto"
1.89154243934161 1.4134242880222 718 "auto"
1.3823058687014 2.09569733617658 890 "auto"
2.82575838662509 0.536188612595188 1026 "auto"
2.38943928763617 0.776075113703314 1616 "auto"
1.79349593237999 1.49303224627625 541 "auto"
1.73939536270409 1.1556908624218 1286 "auto"
2.32413953922461 1.97323165419734 1144 "auto"
1.64737146429714 0.997907307071931 604 "auto"
1.63414654065147 1.11340418897041 403 "auto"
2.11261323300063 1.6321931116914 577 "auto"
1.83350805925673 1.18497738250527 751 "auto"
2.36157456129717 1.04176615008618 471 "auto"
2.29159799371544 1.42075215019508 1041 "auto"
2.25047382290072 0.815638095062223 973 "auto"
2.29061962378576 0.894095598020273 1510 "auto"
2.30287342182643 1.37053864159389 1054 "auto"
2.26129215739115 1.07669016546933 295 "auto"
1.81023588733433 1.30834130076894 624 "auto"
2.55186947290494 1.22461010518243 962 "auto"
1.93096724110017 1.81475037145062 1160 "auto"
1.69151717806803 1.73959031433779 862 "auto"
2.12775329211731 0.972876028985231 1074 "auto"
2.03027411755511 0.490944165818541 968 "auto"
2.1402260510376 1.35315086118759 329 "auto"
2.38619618177476 1.2025848472857 958 "auto"
2.33144557589027 1.18570434805204 1139 "auto"
1.67675264831802 2.09486752388799 1246 "auto"
1.96230596097711 0.838939384297214 861 "auto"
1.56669056387521 1.63709924948471 592 "auto"
2.03946074989446 0.917311928066906 1196 "auto"
1.46801503413131 1.56400762796562 692 "auto"
1.55618947702687 1.19996594239431 1272 "auto"
1.79135104021756 1.34135629883503 1116 "auto"
1.43046579800756 1.61138860640333 916 "auto"
2.12121514166257 0.757084190563583 573 "auto"
0.912443425476164 2.02770433274373 817 "auto"
1.86910359661455 1.60002635543368 876 "auto"
1.63699430156683 1.76549931883537 759 "auto"
1.99481766014369 0.825309075328848 1370 "auto"
1.47648529029161 1.43773543936062 380 "auto"
1.8316787432454 1.61446170616629 1365 "auto"
2.40330852562751 0.917031743963566 1143 "auto"
1.65852790072511 1.68902882824698 1241 "auto"
1.84839058513716 1.80620188953325 570 "auto"
2.22323855165238 0.60322525091572 910 "auto"
1.36333515229188 1.43099790869827 1019 "auto"
2.43624924133455 1.27313424494523 577 "auto"
2.18736694863074 1.1186455752649 983 "auto"
2.35092023020465 1.44154985461357 899 "auto"
1.44941478478248 1.31347816280677 1304 "auto"
2.51557819934242 0.738600034751795 340 "auto"
2.66199669797362 0.991098648412746 796 "auto"
2.32531514117197 1.15301525742336 656 "auto"
1.53799804370874 1.18319207213459 668 "auto"
1.76293907207786 1.35429389609818 1239 "auto"
1.60046895416496 1.20853847550564 705 "auto"
2.49869608392152 0.955459278859146 779 "auto"
2.06692313842891 1.31563301344698 919 "auto"
2.12131563987878 1.31799575113257 1445 "auto"
2.39922565799644 0.751458926157342 1321 "auto"
2.0156614583447 0.929591472421551 856 "auto"
1.76981487107414 0.948850653090167 935 "auto"
1.97207441269015 1.42233282908028 964 "auto"
2.6117683269273 1.54073687618852 1154 "auto"
1.93062227510437 1.20056420369724 1015 "auto"
1.76821906948128 0.924189829101778 795 "auto"
2.13836176369103 0.835855256677391 822 "auto"
1.80243181189955 1.17149796034554 684 "auto"
2.25734090815663 0.87354821489145 976 "auto"
1.3833518166409 1.33045628527736 1114 "auto"
1.26163951510883 1.8092721679448 1229 "auto"
1.83181335565284 1.03843179423533 784 "auto"
2.0500921521315 1.20831915106488 1078 "auto"
2.24351140912796 1.87186642302224 1588 "auto"
1.85517797937042 1.23480558728796 879 "auto"
2.29567193518394 1.14992515378018 777 "auto"
0.888714993295003 2.58146062732564 756 "bus"
1.26489256213294 1.48797889945729 1017 "bus"
1.45148105372114 1.40355786649954 904 "bus"
0.883490217128366 1.7349700761866 915 "bus"
1.11445735703143 1.43712905354001 1143 "bus"
1.39219396708411 1.86535434868406 293 "bus"
1.29159680634276 1.9193165742958 1015 "bus"
1.46091888903822 1.84628553111208 556 "bus"
0.514006196392026 2.7386994197333 410 "bus"
1.2720753884037 0.993706178734857 1098 "bus"
1.30063964076838 2.08100082254786 850 "bus"
1.75988349219537 1.74416387431324 1341 "bus"
0.813155314509947 2.60350231558954 623 "bus"
1.08028992570057 2.41321215657175 926 "bus"
0.85415505982261 2.2129082042902 358 "bus"
1.31058935125478 1.83766970860843 774 "bus"
1.24868439599297 2.17915229089669 579 "bus"
1.56473230482802 1.29126506662658 404 "bus"
1.50274834708474 1.8543342601566 767 "bus"
0.920980407614597 2.18788125609233 208 "bus"
1.24214422950397 2.08681835515786 1173 "bus"
1.25966171337311 1.69833227408924 161 "bus"
0.934976103127103 1.80275754802552 579 "bus"
1.09633604369462 1.9434962647031 891 "bus"
1.34786832415776 2.26552634381162 397 "bus"
1.32820787414201 2.18869369271561 854 "bus"
1.09205407474248 2.0875056032051 411 "bus"
1.7416742945105 1.19132466044895 947 "bus"
1.82770589336242 1.94586739992746 476 "bus"
1.34381945991276 1.81858399526193 780 "bus"
1.28576631450797 1.59594658277657 550 "bus"
1.01706596863784 1.94357855038337 1132 "bus"
1.67323257364901 1.69718019466039 838 "bus"
1.83199358378945 1.59637773918118 715 "bus"
1.13544723850312 1.83300847873847 738 "bus"
1.45339894077207 1.58285682980533 1 "bus"
0.824615038948407 2.19559042682976 972 "bus"
1.85128310990758 1.48974915543359 939 "bus"
1.35490594779468 1.53074867976107 925 "bus"
0.842885228898212 1.89333735490261 853 "bus"
1.37585637480439 1.69231968938596 1086 "bus"
1.89528311013951 0.853871002242865 639 "bus"
0.984282999093301 2.06763548848939 879 "bus"
1.57587441931388 2.0077149928143 664 "bus"
0.552651410922004 1.96242881258009 1170 "bus"
0.962140515768542 2.1259893419103 1258 "bus"
1.5818325485932 1.23796003971078 745 "bus"
1.19685198532986 1.55718092191182 1397 "bus"
0.710582027262717 1.90090459421505 1404 "bus"
1.39176755916827 2.13342245123531 569 "bus"
1.0571639943533 2.20855521454838 1009 "bus"
1.58243419495878 1.12796241242617 1086 "bus"
1.17328087704626 1.34908637122254 957 "bus"
1.81579034203321 1.63503782697872 991 "bus"
1.442985494417 1.7537153297 1233 "bus"
1.45959722627097 1.29025717297346 476 "bus"
1.34087889380379 2.08631951186268 437 "bus"
1.63585552277046 1.28223823732616 849 "bus"
1.68120686171901 1.89184064298369 1245 "bus"
1.05029506629365 2.23162910288262 1511 "bus"
1.18705292882761 2.57642882941876 806 "bus"
1.18141343628609 1.19885882055997 511 "bus"
1.50424363538162 2.13798031971128 1258 "bus"
1.23998186345826 1.81039167771302 792 "bus"
1.56076364939227 1.90437977465705 178 "bus"
1.53117790556548 2.27277724754889 423 "bus"
0.211089841977279 2.36143885015923 785 "bus"
1.52510175879855 1.71824670514371 648 "bus"
1.12908641678774 1.67230722791894 544 "bus"
1.47426647658854 2.06056797571065 550 "bus"
1.01281932701699 1.72084292844834 980 "bus"
1.83935952335095 1.46117252256229 1468 "bus"
1.01301035384476 1.87470522894026 924 "bus"
0.776252634263112 1.29396233225835 81 "bus"
1.69200236144828 1.30416564130429 1230 "bus"
0.904834259029778 1.96870513205436 643 "bus"
1.36665173666379 1.35800764731697 908 "bus"
0.430937605609316 2.29821308850015 312 "bus"
1.73717255551226 1.52422702424162 1128 "bus"
1.51569050678423 1.66742423032351 711 "bus"
1.87586002469706 1.54552372082844 570 "bus"
1.45934799401185 1.6174418382184 868 "bus"
1.17176485541883 1.74099073129783 588 "bus"
1.28789231712794 1.39909756940564 246 "bus"
1.55309755790497 1.40380543809395 943 "bus"
1.17483103801777 1.68255666811328 729 "bus"
1.54995083319215 2.01566575915832 1085 "bus"
1.51259497456682 1.5112556508796 754 "bus"
1.00440628874264 2.54175710672542 617 "bus"
1.23773011000074 2.01944450242662 1351 "bus"
1.34228580097375 2.27905906325024 931 "bus"
1.59756005679913 1.5715975970696 844 "bus"
1.70076837482987 1.60401534610303 826 "bus"
1.4023199832675 1.47664279051015 481 "bus"
1.44019482129628 1.97369473733523 932 "bus"
1.06137329930734 2.26501029849607 467 "bus"
1.75144718362972 1.70322713640953 930 "bus"
1.37234027416981 1.9629653153159 615 "bus"
2.08422643080632 1.06868327240492 1128 "bus"
1.15132994734606 2.0991259947389 901 "bus"
1.26353753810615 1.7630357387093 783 "bus"
1.316659307862 1.55621555087509 670 "bus"
1.55785942961397 1.64568189343136 703 "bus"
1.36967247283678 1.53418156531356 670 "bus"
1.47241099133098 1.98058810493146 1081 "bus"
1.22327585783492 1.86257849585082 1073 "bus"
1.35242286968289 1.44942717644859 404 "bus"
1.32478894248402 1.61018318537038 939 "bus"
1.41394365351643 1.97955795602355 871 "bus"
1.34938444144939 2.29394496697534 1277 "bus"
1.37639367908358 1.68226018523374 931 "bus"
0.821463147021061 1.46171070537971 814 "bus"
1.06962669108207 1.570496399184 317 "bus"
1.15233365695688 1.71300505068693 502 "bus"
1.8313480963526 1.86531109067753 931 "bus"
0.957912860612508 1.71141156140931 858 "bus"
1.17752428240956 1.5508958394822 838 "bus"
0.643897241701556 2.43380737899972 1246 "bus"
0.750362136676222 1.43283165696523 688 "bus"
0.850071149153838 2.37630235498841 643 "bus"
1.82580150822341 1.24059820019878 599 "bus"
1.85934272075189 1.75064717166275 699 "bus"
1.40840383513761 2.25289087050279 707 "bus"
0.885039229752822 1.81934787907978 987 "bus"
1.17070743162339 1.0939640481535 1030 "bus"
1.39691770789451 1.96830305842743 810 "bus"
1.36598671555628 1.33967212502575 966 "bus"
1.22454619550309 2.77007106923505 1025 "bus"
0.541349543002331 2.39488800404152 613 "bus"
1.59322292372452 1.68250077596621 708 "bus"
0.776526980638389 1.1149039271847 1300 "bus"
1.76721232715727 1.17124514211843 1030 "bus"
1.15437821453014 2.39289968691278 1237 "bus"
1.45195056056576 2.52447102397919 990 "bus"
1.15608618799567 1.96963562101274 831 "bus"
1.43778501832005 1.62530028722618 987 "bus"
1.37888982474903 1.58862203571683 875 "bus"
1.85810642098939 1.85352262446909 230 "bus"
1.07019572046257 1.4400511368643 1111 "bus"
1.02847927428192 2.15513668679866 1138 "bus"
2.26587114345198 2.24195338770203 949 "bus"
1.76746966552285 1.25643399346969 1361 "bus"
1.27445098042235 1.67720527514698 946 "bus"
1.44664399811626 2.35102454212379 1047 "bus"
1.31141702713814 1.57878563993478 518 "bus"
0.864740610039641 2.5443350859221 860 "bus"
1.04121115464547 2.07435783660771 527 "bus"
1.27884990028279 2.10236729944752 537 "bus"
1.10124120865287 1.76903448596532 1042 "bus"
1.45408415358521 1.11987956455158 583 "bus"
1.2716072183308 2.40327196881899 1077 "bus"
1.20274293468392 1.84401833174512 854 "bus"
1.20470789993906 1.55124209503576 752 "bus"
1.00464465101814 1.99112064338839 1182 "bus"
1.4856620311664 1.42081046880063 824 "bus"
1.22594134934782 1.97961090612546 1236 "bus"
1.36337974740112 1.5468919050392 983 "bus"
1.69919111489198 1.74276140257422 883 "bus"
1.51581435895895 2.56002301645817 770 "bus"
1.07450076725008 1.53889522143689 858 "bus"
1.14130336626225 1.82769663942452 1009 "bus"
1.55555573857928 1.59838630725602 955 "bus"
1.54444116808877 1.55815903481424 996 "bus"
0.9492279004028 2.05567629895792 719 "bus"
1.06587095786302 2.01005739615026 820 "bus"
0.918393040875136 2.05140833002684 742 "bus"
0.685717719842767 1.96298673226833 606 "bus"
1.53013302059097 2.0539436792368 1007 "bus"
1.49539993446088 1.6772120164144 1125 "bus"
1.79143660922155 2.15416374814559 1260 "bus"
0.793562058303215 1.98355257690853 1050 "bus"
2.16952501806065 1.51178336815102 892 "bus"
1.70822840389812 1.8685612812743 571 "bus"
0.995940103011475 1.69381052357967 843 "bus"
1.02939287167581 2.02326133312262 768 "bus"
2.27123279037706 1.24792635005549 763 "bus"
1.49966096891914 2.06089389085394 519 "bus"
1.14117208781078 1.35239411345294 1477 "bus"
0.679408975447878 2.06701166750846 851 "bus"
1.6338379181064 1.87741846566244 1041 "bus"
1.90214774365015 1.20200544883992 798 "bus"
0.53188053099521 2.07030727508138 842 "bus"
1.46064794481364 1.86704442094441 729 "bus"
1.56278768024408 1.26714809445488 431 "bus"
1.46378311535034 2.2856142831004 1193 "bus"
1.61054146832007 1.20464765599292 810 "bus"
1.79838932035669 1.25038017867689 1054 "bus"
1.10427591916511 1.64330544151592 606 "bus"
1.37850720303757 1.81723197331441 783 "bus"
1.44893554853908 1.79944408580758 504 "bus"
1.04024837688293 2.03556316753584 571 "bus"
1.81254486662305 1.66387492627228 886 "bus"
1.80313601942864 1.52032558373934 736 "bus"
1.96854293258319 1.95052074621313 280 "bus"
1.57031958859699 1.38300298295727 541 "bus"
1.83397771941394 1.65488343633521 420 "bus"
1.19292583093752 1.68721738723102 323 "bus"
1.26930679848351 1.61663683660366 809 "bus"
1.2700609341565 1.57489997806225 571 "bus"
1.26776234093401 1.60345649977627 1173 "bus"
1.79290914498147 1.31594912500529 880 "bus"
1.40535291188941 1.73143360949688 840 "bus"
1.12407874260319 1.55789427574713 1033 "bus"
1.59200955947356 1.42884099130973 581 "bus"
1.5039107176355 1.52216837834478 354 "bus"
0.967508236716751 2.0953806025489 804 "bus"
0.945408808544268 1.93600516872112 1225 "bus"
1.34826897183356 1.48474851598357 826 "bus"
1.57396285853251 1.95090479924591 594 "bus"
1.58674050503578 1.57542145028625 770 "bus"
0.909992768174937 1.61670467532066 361 "bus"
1.07432733246786 2.35322155476266 1039 "bus"
1.23773948785436 1.87612754055872 640 "bus"
2.01737730255911 1.57817532972044 634 "bus"
1.51525818829642 1.95709284244609 772 "bus"
1.25667745590885 2.24934592902043 842 "bus"
1.33153115022675 1.23079128840663 555 "bus"
1.41499159435711 1.30540229255508 943 "bus"
2.04015301308522 1.35605297549646 595 "bus"
1.1370855970083 2.063143001331 1230 "bus"
1.22041538724307 1.9649367443498 819 "bus"
1.58101921220391 1.9661535738871 965 "bus"
1.68949536953755 1.24877227802958 1035 "bus"
1.21723356755724 1.87706425559371 781 "bus"
1.55601876329033 1.69830537189875 1037 "bus"
1.22608072411528 1.7904462248492 982 "bus"
1.14441734606248 2.27270247810526 1594 "bus"
1.4175542067987 1.88532359116583 1434 "bus"
1.58394149254154 1.98911763762307 453 "bus"
1.07819678626134 2.12251280213379 724 "bus"
1.7306289237822 1.66113182162047 276 "bus"
1.5337804530468 1.65780955171596 368 "bus"
1.37667993327167 1.94206126704684 1535 "bus"
0.715154402168404 2.29794407167863 1226 "bus"
1.32124607063978 1.53361835772157 237 "bus"
1.16339880001729 1.4499888622415 1154 "bus"
1.51121096200135 1.82694934883639 1028 "bus"
1.75589745551186 1.60695635594516 1040 "bus"
1.67620132262511 1.06332559893281 451 "bus"
0.935434326753249 2.00384922029315 501 "bus"
1.28990488171645 1.48241334580454 797 "bus"
1.28424385542501 1.50339696109332 1243 "bus"
1.31073645504637 1.47665780973224 756 "bus"
0.954851094483428 1.9698814071048 882 "bus"
1.25866124352712 2.20254307494823 1204 "bus"
0.621106598004398 2.14929283945388 831 "bus"
1.44715323341682 1.48546470493724 401 "bus"
1.01842074541188 1.83741547267331 1316 "bus"
1.20461289010498 1.44172032748359 836 "bus"
0.987365520875556 2.22048549920034 1026 "bus"
1.68303645481472 1.48146940304259 966 "bus"
0.897821662043573 1.88455178056649 1017 "bus"
1.36512943673291 1.34057552251954 826 "bus"
1.41965779309412 1.77966746234823 1116 "bus"
0.928546388467571 2.18236287720483 771 "bus"
1.68725664164718 1.13300874060177 270 "bus"
1.60583857246628 1.87872304110956 686 "bus"
1.85974197571609 1.90749439528935 1066 "bus"
0.940629851266529 2.02969857515362 716 "bus"
1.50039962530991 2.03449115164193 458 "bus"
1.37116209970387 2.28046413337263 1127 "bus"
1.71484560341671 1.25550954662932 592 "bus"
1.34116999984623 2.07554782586987 1258 "bus"
1.93324796068581 1.29614247322171 700 "bus"
1.12787235876929 1.48192435594347 407 "bus"
1.52326999095487 1.78120764535138 885 "bus"
1.44995701289498 1.56807144283301 558 "bus"
0.874653087140381 2.69584628346889 216 "bus"
1.43954734900885 2.12855353541726 427 "bus"
1.0995340868333 1.93659914270294 769 "bus"
1.26318563876374 1.7122456814276 924 "bus"
1.57557472506536 2.08256358731904 1060 "bus"
1.68116659693804 1.83806653513426 474 "bus"
1.3768367566228 1.28942760333893 791 "bus"
1.20527774063646 1.43929297092767 390 "bus"
1.15749468377703 2.26009873472741 906 "bus"
0.511470333981912 1.67347842255473 817 "bus"
1.53198402430819 2.27484145078233 810 "bus"
1.82203873281752 2.30631180532561 907 "bus"
1.77937640121979 1.64165298497181 905 "bus"
1.35989835997427 1.29759932070692 802 "bus"
1.69124803690877 1.89180252595098 196 "bus"
1.94457593340351 1.15951204729127 216 "bus"
1.71611460470734 1.33080372883179 1400 "bus"
1.35797949927257 1.53626693456508 792 "bus"
1.52749086842423 1.72213762581723 935 "bus"
1.67217480142921 1.85903266620568 260 "bus"
1.87619512309812 1.64113409358506 604 "bus"
1.19225392080208 1.81104708167707 258 "bus"
1.32921387996312 1.63756921582345 1282 "bus"
0.635721519399829 2.28771598732363 755 "bus"
0.899442382954147 1.77475563434935 777 "bus"
1.1745612760125 2.11761854374974 928 "bus"
1.24339110393753 1.94790563433941 806 "bus"
0.923899656442539 1.68810409329614 1522 "bus"
1.4052519406316 1.65553876841478 1595 "bus"
1.50069950808825 1.32575556610764 1298 "bus"
1.50788415583093 1.66040612848964 1069 "bus"
0.869893791217067 2.30495685205011 850 "bus"
1.3184417684412 1.92247545953438 516 "bus"
1.58222253477032 1.3359030471138 692 "bus"
1.7104021940394 1.41000936162919 375 "bus"
1.24631185625633 2.08205525965999 1005 "bus"
1.24637725951177 1.74429661546458 527 "bus"
1.30652756974641 2.01842735240057 993 "bus"
1.70883269542537 1.5111902238093 1078 "bus"
1.85296082682249 1.56737022475713 564 "bus"
1.35611127187576 2.0855853518066 963 "bus"
1.42800084860463 2.18363809626893 901 "bus"
1.60964468964244 1.71230414446616 897 "bus"
0.716208656488029 1.73457610768554 791 "bus"
1.6886566116948 1.38911267937198 879 "bus"
0.778397454912808 1.86047944658463 777 "bus"
1.20990213327528 1.72630246599569 628 "bus"
1.57120668771008 1.9093324989395 890 "bus"
1.56030816033362 1.04377928203211 623 "bus"
1.02140274956828 1.8975535468397 510 "bus"
1.41327159302156 2.42539165977546 1627 "bus"
1.08808128815708 1.50240539689717 816 "bus"
1.03082060663211 1.69424955914358 880 "bus"
0.958658304087611 1.91421121369212 828 "bus"
1.82435378193132 1.23750845386783 959 "bus"
1.22783901510699 1.74352799772203 351 "bus"
0.724119731289173 2.11176754032742 843 "bus"
1.35828696497854 1.55364723363201 915 "bus"
1.25315850113893 2.0269800464835 404 "bus"
1.1081893589062 1.5922456675812 1115 "bus"
1.92240347453855 1.18798900858987 1102 "bus"
1.61659345048604 1.43462573854262 1041 "bus"
1.04917085568523 2.18838038040817 767 "bus"
1.95160379473805 1.99696159858544 737 "bus"
0.936146623583576 1.83388309668786 605 "bus"
1.98525640157006 1.64084119189653 437 "bus"
1.05115599627316 1.71299089849015 1198 "bus"
1.19587137118205 1.83787633087932 642 "bus"
2.3892071365342 1.13187359652009 252 "bus"
1.09967371289714 2.030788298027 1460 "bus"
1.82931598764042 1.97597731676625 904 "bus"
1.17786799837919 2.05371073313315 969 "bus"
1.49584113215913 1.8988895181197 904 "bus"
1.18779888173079 1.87929972049573 1116 "bus"
0.562867808025273 1.9601779218404 223 "bus"
1.25910058045517 1.79978811650235 647 "bus"
1.15165899685533 1.82970112386106 385 "bus"
1.03939879646771 1.5815975351867 818 "bus"
1.64314769888633 1.5035531632057 916 "bus"
1.30730873248416 1.69397556529022 1541 "bus"
1.02911338314732 1.77000694167548 1268 "bus"
1.73497092702263 1.62384691285129 972 "bus"
1.09823886135678 2.20500390139822 564 "bus"
1.1732846648711 2.03893416513131 726 "bus"
1.0916230975143 1.75235738803857 684 "bus"
1.49107863465315 1.32560255560328 1058 "bus"
0.97037731423849 1.53415735053797 561 "bus"
1.07306930977487 1.66594813171414 676 "bus"
1.12482407220713 1.27037373665218 372 "bus"
0.814029934775254 2.26883870232175 799 "bus"
1.64691767703821 1.38041517064109 1021 "bus"
1.53390834747946 1.93295240183395 797 "bus"
1.71209574429162 2.28446925552931 644 "bus"
1.16302806107313 2.23825922918135 755 "bus"
1.07772461643637 1.60859147570647 631 "bus"
1.66645729032425 2.21111253813088 730 "bus"
1.07341749063482 1.39993597970231 656 "bus"
1.11215847147588 1.74789329443763 493 "bus"
1.58140604739291 1.5844316295407 1071 "bus"
